#   STXSbin       DD            DN            DU            ND            NN            NU            UD            UN            UU         (cross sections) 
  100           16790.1       16925.7       17048.1       13706.9       13847         13954.5       11414.5       11551         11645.7     
  101           1182.99       1183.81       1180.25       937.031       941.984       942.444       760.906       767.95        770.579     
  102           1257.46       1255.87       1250.73       984.252       986.984       985.965       791.053       796.078       797.351     
  103           106426        110027        113141        89369.5       92707         95478.3       76102.7       79156.5       81617.9     
  104           26609.1       27392.7       28036         21946.4       22673         23249.4       18427.4       19090.8       19605.6     
  105           16101.7       16352.9       16509.8       12874.5       13125         13287.3       10538.5       10777.9       10936.1     
  106           3017.21       2966.38       2905.89       2288.22       2255.98       2215.21       1787.29       1766.7        1738.55     
  107           800.669       750.587       704.617       594.175       557.984       524.704       454.608       427.67        402.8       
  108           3890.99       3986.52       4060.75       3177.79       3267.98       3336.42       2647.21       2730.59       2792.86     
  109           7592.52       7704.05       7774.02       6044.27       6155.98       6227.99       4929.32       5036.16       5106.31     
  110           4028.06       3975.55       3909.62       3079.3        3048.98       3006.35       2422.99       2406.19       2378.29     
  111           2484.02       2324.69       2180.35       1846.92       1731.98       1627.56       1415.72       1330.26       1252.34     
