#   STXSbin       DD            DN            DU            ND            NN            NU            UD            UN            UU         (nominal / varied, D = down = 0.5, N = nominal = 1.0, U = up = 2.0) 
  100           0.821823      0.815242      0.809389      1.00669       0.996501      0.988822      1.20886       1.19457       1.18486     
  101           0.858874      0.85828       0.860864      1.08432       1.07861       1.07809       1.3353        1.32305       1.31854     
  102           0.855331      0.856415      0.859937      1.09275       1.08973       1.09086       1.35964       1.35106       1.3489      
  103           0.836009      0.808646      0.786395      0.995566      0.959726      0.93187       1.16912       1.12402       1.09012     
  104           0.883666      0.858387      0.83869       1.07141       1.03707       1.01136       1.27601       1.23167       1.19933     
  105           0.935358      0.920988      0.912235      1.16982       1.14749       1.13348       1.42912       1.39738       1.37717     
  106           0.856509      0.871185      0.88932       1.12938       1.14552       1.1666        1.44592       1.46276       1.48645     
  107           0.597936      0.637833      0.679446      0.805737      0.857998      0.912418      1.0531        1.11944       1.18855     
  108           1.11752       1.09074       1.0708        1.36833       1.33056       1.30327       1.64258       1.59242       1.55692     
  109           0.804699      0.79305       0.785912      1.01082       0.992481      0.981006      1.23946       1.21317       1.1965      
  110           0.78074       0.791051      0.804392      1.02129       1.03145       1.04607       1.29793       1.30699       1.32232     
  111           0.573724      0.613046      0.653628      0.771632      0.822836      0.875629      1.00666       1.07133       1.13798     
